11.55002594  0.00000000
11.65007687  0.00000000
11.75012779  0.00000000
11.85017967  0.00000000
11.95023060  0.00000000
12.05028152  0.00000000
12.15033340  0.00000000
12.25038433  0.00000000
12.35043526  0.00000000
12.45048618  0.00000000
12.55053711  0.00000000
12.65058899  0.00000000
12.75063992  0.00000000
12.85069084  0.00000000
12.95074272  0.00000000
13.05079365  0.00000000
13.15084457  0.00000000
13.25089550  0.00000000
13.35094643  0.00000000
13.45099831  0.00000000
13.55104923  -0.00005161
13.65110016  0.00044938
13.75115204  0.01433642
13.85120392  0.07676156
13.95125389  0.26223870
14.05130577  0.46322085
14.15135574  0.61006990
14.25140858  0.59002576
14.35145855  0.53637483
14.45151138  0.46599354
14.55156231  0.28470757
14.65161324  -0.04598392
14.75166416  -0.52998134
14.85171509  -0.63897636
14.95176697  0.30015765
15.05181789  2.42605620
15.15186882  3.85187545
15.25192070  4.23069415
15.35197163  3.57884594
15.45202255  2.80010899
15.55207348  1.85313119
15.65212440  0.73664850
15.75217628  -0.09715880
15.85222721  -0.57278510
15.95227814  -0.51597084
16.05233002  -0.58129223
16.15237999  -0.21032094
16.25243187  -0.08556561
16.35248375  -0.15282110
16.45253372  -0.07987205
16.55258560  -0.06907002
16.65263748  -0.13266338
16.75268936  -0.13512860
16.85273933  -0.12691345
16.95279121  -0.14475451
17.05284119  0.34706275
17.15289307  0.51986422
17.25294495  1.04275273
17.35299683  0.84308526
17.45304680  1.04760380
17.55309868  0.98380990
17.65314865  1.11390731
17.75320053  1.08303054
17.85325241  1.33545712
17.95330238  1.28140367
18.05335426  1.18597167
18.15340424  0.82421883
18.25345612  0.57453396
18.35350800  0.36612935
18.45355797  0.29804552
18.55360985  0.31495475
18.65366173  0.29163446
18.75371170  0.47284534
18.85376358  0.45849771
18.95381546  0.58761500
19.05386734  0.78903855
19.15391731  0.80470999
19.25396919  1.07034184
19.35401917  1.16061149
19.45407104  1.21140409
19.55412102  1.10859516
19.65417480  1.03525604
19.75422287  0.71293633
19.85427666  0.61344063
19.95432663  0.53761851
20.05437851  0.41566791
20.15442848  0.44196287
20.25448036  0.44258856
20.35453415  0.28257302
20.45458221  0.28358469
20.55463409  0.31213102
20.65468597  0.30413781
20.75473785  0.29064844
20.85478783  0.30065303
20.95483780  0.31188247
21.05488968  0.38188633
21.15494156  0.41419858
21.25499344  0.43207111
21.35504532  0.54654213
21.45509529  0.47581754
21.55514717  0.57607380
21.65519714  0.45599210
21.75524712  0.57910227
21.85530090  0.47262322
21.95535278  0.51868641
22.05540085  0.37145936
22.15545273  0.52244929
22.25550652  0.37424963
22.35555649  0.39643774
22.45560646  0.32944258
22.55565643  0.32444713
22.65571213  0.37249859
22.75576019  0.26290260
22.85581207  0.28767549
22.95586014  0.27192278
23.05591583  0.38763112
23.15596581  0.35106022
23.25601578  0.43553327
23.35607147  0.37072931
23.45611954  0.34133830
23.55617142  0.37515324
23.65621948  0.40592793
23.75627518  0.32453343
23.85632515  0.37775143
23.95637512  0.46769345
24.05642509  0.49739621
24.15647888  0.55566316
24.25653076  0.66559829
24.35657883  0.59848422
24.45663071  0.67412670
24.55668449  0.76708759
24.65673447  0.60243559
24.75678444  0.66870972
24.85683441  0.68065610
24.95689011  0.76927223
25.05693817  0.81098866
25.15699005  0.92101161
25.25703812  0.84197473
25.35709381  0.82355807
25.45714378  0.94625194
25.55719376  0.80878263
25.65724945  0.74484435
25.75729752  0.95588983
25.85734940  0.63462637
25.95739746  0.86640802
26.05745316  0.87196795
26.15750313  0.72212513
26.25755310  0.74937484
26.35760307  0.77785796
26.45765686  0.85193398
26.55770874  0.86925077
26.65775681  0.79938711
26.75780869  0.92636595
26.85786247  0.94456068
26.95791245  0.88075718
27.05796242  0.88802262
27.15801239  0.90725507
27.25806808  0.86774970
27.35811615  1.04885071
27.45816803  0.95905022
27.55821609  1.14452764
27.65827179  1.01105960
27.75832176  1.03922451
27.85837173  1.30382397
27.95842171  1.14292611
28.05847549  1.34864851
28.15852737  1.38849918
28.25857544  1.36352964
28.35863113  1.23570498
28.45868111  1.62753116
28.55873108  1.46921809
28.65878105  1.47983867
28.75883484  1.39005766
28.85888672  1.48514549
28.95893478  1.69707433
29.05898666  1.58785604
29.15904045  1.78755117
29.25909042  1.87110503
29.35914040  1.84427904
29.45919037  1.97231547
29.55924606  1.91449552
29.65929413  1.88498266
29.75934601  1.97473392
29.85939407  2.01714581
29.95944977  2.18863155
30.05949974  2.50675819
30.15954971  2.69992449
30.25959969  2.67660058
30.35965347  2.49560991
30.45970535  2.73611606
30.55975342  2.28829273
30.65980721  2.19849033
30.75985909  2.06158922
30.85990906  2.55888562
30.95995903  2.05965084
31.06001282  2.05351512
31.16006470  1.95902057
31.26011276  2.13259020
31.36016464  2.08188761
31.46021843  1.78421695
31.56026840  2.00094924
31.66031837  2.02253950
31.76036835  2.03254152
31.86042404  2.06800010
31.96047211  2.02482014
32.06052399  2.05473780
32.16057587  2.06546882
32.26062775  1.87448051
32.36067963  2.03677393
32.46072769  2.03455935
32.56078339  1.99481894
32.66083145  2.06239730
32.76088333  2.15326983
32.86093140  2.14092320
32.96098709  2.06498950
33.06103516  2.27325563
33.16108704  2.13846169
33.26113892  2.35527373
33.36119080  2.36164763
33.46124268  2.08730620
33.56129074  2.41175837
33.66134262  2.40694817
33.76139832  2.53890877
33.86144638  2.36183545
33.96149445  2.59660174
34.06154633  2.55899939
34.16160202  2.49050117
34.26165009  2.72326893
34.36170197  2.56313524
34.46175003  2.73961919
34.56180573  2.72455481
34.66185760  2.69109839
34.76190567  2.40455994
34.86196136  2.40460005
34.96200943  2.38658201
35.06206131  2.09968020
35.16210938  2.03839086
35.26216507  1.88994294
35.36221313  1.76898491
35.46226501  1.78187500
35.56231689  1.72588327
35.66236877  1.75479657
35.76242065  1.73680496
35.86246872  1.77242986
35.96252060  1.74980740
36.06257629  1.70021181
36.16262436  1.81274141
36.26267242  1.71018256
36.36272430  1.66832593
36.46278000  1.85900734
36.56282806  1.68609295
36.66287994  1.82425429
36.76292801  1.75657337
36.86298370  1.71070588
36.96303558  1.82528269
37.06308365  1.77247140
37.16313934  1.88162115
37.26318741  1.79444565
37.36323929  1.85322395
37.46328735  1.79584891
37.56334305  1.94338087
37.66339111  1.74556871
37.76344299  1.71746558
37.86349487  1.92228666
37.96354675  1.80036628
38.06359863  1.79863254
38.16364670  2.00393845
38.26369858  1.87054283
38.36375427  1.80569382
38.46380234  2.06383469
38.56385040  1.57067204
38.66390228  1.94111145
38.76395798  2.02065159
38.86400604  1.80418686
38.96405792  1.94423458
39.06410599  1.91252435
39.16416168  1.79213640
39.26421356  1.90875880
39.36426163  1.88261496
39.46430969  1.94027951
39.56436539  1.75724231
39.66441727  1.99046106
39.76446533  1.76137065
39.86452103  1.93709299
39.96456909  1.97992498
40.06462097  1.93900247
40.16467285  1.96563285
40.26472473  1.92792424
40.36477661  1.88366532
40.46482468  1.97183263
40.56487656  2.11370040
40.66493225  1.98329342
40.76498032  2.14119304
40.86502838  2.05929860
40.96508026  1.79710894
41.06513596  2.30151967
41.16518402  1.99710670
41.26523590  2.07027921
41.36528397  2.07145066
41.46533966  1.95638408
41.56539154  2.18325810
41.66543961  1.93358606
41.76548767  2.19591686
41.86554337  2.07139791
41.96559525  2.07807169
42.06564331  2.06863729
42.16569519  2.11173788
42.26574707  2.18823929
42.36579895  2.13333736
42.46585083  2.24208469
42.56590271  2.16516260
42.66595459  2.06562394
42.76600266  2.25029784
42.86605453  1.94723662
42.96611023  2.37127393
43.06615829  2.10414690
43.16620636  2.02209497
43.26625824  1.95958904
43.36631393  2.22713703
43.46636200  2.18288590
43.56641388  1.98588049
43.66646194  2.00807420
43.76651764  2.01478315
43.86656952  2.17354845
43.96661758  1.98031353
44.06666565  1.99052987
44.16672134  2.01091998
44.26677322  1.95708495
44.36682129  2.03958474
44.46687317  2.01251163
44.56692505  2.06992402
44.66697693  1.92125179
44.76702881  1.98691535
44.86708069  2.17504049
44.96713257  1.92267302
45.06718063  2.09950588
45.16723251  1.91330601
45.26728821  2.16032407
45.36733627  2.05247427
45.46738434  1.88868937
45.56743622  2.06359384
45.66749191  2.13876993
45.76753998  1.95398111
45.86759186  1.92844395
45.96763992  2.18824329
46.06769562  2.01680136
46.16774750  1.93908744
46.26779556  2.05511950
46.36784363  2.02605888
46.46789932  1.94311018
46.56795120  2.05264535
46.66799927  1.91092852
46.76805115  1.82516274
46.86810303  2.12010681
46.96815491  2.09042116
47.06820679  1.89634261
47.16825485  1.99047180
47.26831055  1.95256891
47.36835861  2.11216758
47.46841049  1.91859221
47.56846619  2.15624525
47.66851425  2.13950530
47.76856232  1.92321184
47.86861420  2.01852493
47.96866989  1.96346798
48.06871796  2.15421440
48.16876984  1.98947609
48.26881790  2.01835993
48.36887360  1.91956881
48.46892548  1.93779253
48.56897354  1.97127452
48.66902161  1.85036315
48.76907730  2.04526690
48.86912918  1.86755781
48.96917725  2.05358545
49.06922913  2.01032167
49.16928101  1.93327763
49.26933289  2.13384025
49.36938477  1.86124520
49.46943283  1.98738042
49.56948853  1.95410353
49.66953659  2.02621323
49.76958847  2.01683814
49.86964417  1.83557688
49.96969223  2.18186985
50.06974030  1.93347229
50.16979218  2.07592601
50.26984787  1.89555458
50.36989594  2.04760257
50.46994781  1.86388597
50.56999588  1.99743509
50.67005157  1.87734492
50.77010345  1.86693316
50.87015152  1.93396815
50.97019958  1.82907238
51.07025528  1.93059504
51.17030716  1.98150512
51.27035522  1.96410555
51.37040710  1.86531471
51.47045898  1.99036658
51.57051086  2.02520926
51.67056274  1.87283706
51.77061462  1.88661385
51.87066650  2.10383629
51.97071457  1.96331733
52.07076645  1.89338362
52.17081451  2.05869714
52.27087021  1.96775096
52.37091827  1.93954699
52.47097397  1.81083307
52.57102585  2.12189606
52.67107391  1.98329912
52.77112579  2.06607465
52.87117386  2.07482557
52.97122955  1.84866230
53.07128143  2.14714161
53.17132950  2.03416938
53.27138519  1.88042661
53.37143326  1.94964871
53.47148514  2.22084448
53.57153320  1.89141464
53.67158508  2.04612631
53.77163696  1.96144178
53.87168884  2.00975224
53.97174072  2.00095114
54.07179260  2.07918791
54.17184448  1.99773363
54.27189255  2.02505462
54.37194443  1.91425353
54.47199249  2.11385076
54.57204819  2.01975008
54.67209625  2.01843084
54.77214813  1.85007611
54.87220383  2.00412407
54.97225189  2.10862787
55.07230377  1.91849782
55.17235184  2.15587372
55.27240753  1.93155112
55.37245941  2.04602746
55.47250748  1.98589845
55.57256317  1.98382777
55.67261124  2.09102166
55.77266312  2.05574054
55.87271118  2.15770935
55.97276306  1.88925709
56.07281494  2.26509466
56.17286682  2.05122232
56.27291870  2.09377554
56.37297058  2.13509097
56.47302246  2.12752756
56.57307053  1.92705799
56.67312241  2.15684167
56.77317047  2.06297319
56.87322617  1.97474476
56.97327423  2.10914568
57.07332611  2.14449837
57.17338181  2.01677912
57.27342987  1.95279351
57.37348175  2.17748822
57.47352982  1.96368516
57.57358170  1.80642207
57.67363739  2.05719294
57.77368546  2.02580634
57.87374115  1.91432709
57.97378922  2.02391777
58.07384109  2.05448269
58.17388916  1.85593857
58.27394104  2.17532677
58.37399292  2.00053408
58.47404480  1.89312757
58.57409668  2.13840096
58.67414856  2.02517647
58.77420044  1.89554498
58.87424850  2.01596590
58.97430038  2.23831258
59.07434845  1.87445057
59.17440414  2.03471409
59.27445221  2.19648020
59.37450409  1.90312949
59.47455978  2.17280243
59.57460785  2.00102033
59.67465973  2.01474199
59.77470779  2.02315607
59.87475967  1.93887121
59.97481537  2.22324431
60.07486343  1.90873532
60.17491913  1.96219388
60.27496719  2.06111446
60.37501907  2.06146993
60.47506714  2.05027271
60.57511902  2.04488995
60.67517090  1.93600813
60.77522278  2.11471045
60.87527466  1.93462339
60.97532654  2.12818946
61.07537842  2.07630401
61.17542648  2.05675078
61.27547836  2.00384502
61.37552643  1.93799963
61.47558212  1.95651058
61.57563019  2.13216829
61.67568207  1.87463078
61.77573776  2.04028001
61.87578583  1.97039211
61.97583771  1.93244740
62.07588577  2.01085687
62.17593765  1.98315627
62.27599335  1.88292804
62.37604141  2.06621769
62.47608948  1.89185613
62.57614517  1.99298350
62.67619705  1.90290299
62.77624512  2.08720422
62.87629700  1.99685702
62.97634888  1.84041550
63.07640076  2.11600670
63.17645264  1.99678630
63.27650452  2.00977173
63.37655640  2.00096121
63.47660446  1.82299797
63.57665634  1.99400287
63.67670441  2.20660938
63.77676010  1.78477021
63.87680817  2.02554192
63.97686005  1.77372259
64.07691193  1.92417780
64.17696381  1.87525067
64.27701569  1.88036445
64.37706757  2.00200017
64.47711182  1.95929059
64.57717133  1.95879255
64.67721558  1.80396702
64.77726746  2.06915633
64.87732697  1.93815750
64.97737122  1.92374229
65.07742310  1.91267281
65.17747498  1.98353712
65.27752686  1.91697765
65.37757874  1.99585028
65.47763062  2.07709423
65.57768250  2.00399481
65.67773438  1.93813840
65.77778625  2.04642475
65.87783051  1.90302731
65.97788239  1.99734099
66.07794189  2.15130854
66.17798615  2.06264765
66.27803802  1.88449678
66.37808990  2.01992820
66.47814178  1.84057043
66.57819366  2.03504504
66.67824554  2.05431912
66.77828979  1.98306037
66.87834930  2.00716527
66.97839355  2.13522812
67.07844543  2.00411770
67.17850494  1.97902546
67.27854919  2.12694720
67.37860107  1.91226639
67.47865295  2.21389327
67.57870483  1.98389421
67.67875671  2.21333610
67.77880859  1.89423124
67.87886047  2.10535048
67.97891235  2.05951540
68.07896423  2.04456907
68.17900848  1.95046345
68.27906036  2.13759259
68.37911987  1.97665776
68.47916412  2.20103320
68.57921600  1.92228362
68.67926788  2.12367808
68.77931976  2.02708167
68.87937164  2.03701953
68.97942352  2.04403130
69.07946777  1.93821672
69.17952728  2.13972381
69.27957153  1.97982974
69.37962341  2.05626073
69.47968292  1.98130762
69.57972717  2.23338186
69.67977905  1.83144455
69.77983093  2.11199812
69.87988281  2.06295513
69.97993469  2.09140784
70.07998657  1.98253058
70.18003845  1.93194252
70.28009033  2.25208157
70.38014221  1.84266953
70.48018646  2.09064167
70.58023834  2.11518873
70.68029785  2.04585448
70.78034210  2.18326932
70.88039398  1.85845084
70.98044586  2.15299619
71.08049774  2.06307108
71.18054962  1.97498960
71.28060150  2.02049562
71.38064575  2.12788911
71.48070526  1.73592682
71.58074951  2.02102057
71.68080139  1.97890152
71.78086090  2.08871080
71.88090515  1.94887921
71.98095703  2.02588257
72.08100891  1.93168760
72.18106079  2.01049912
72.28111267  2.05037412
72.38116455  2.04047419
72.48121643  1.94722883
72.58126831  2.10784506
72.68132019  1.88519214
72.78136444  1.97589891
72.88141632  2.01452624
72.98146820  2.06542481
73.08152008  1.94868228
73.18157196  1.99101917
73.28162384  2.07483764
73.38167572  1.86440768
73.48172760  1.98707551
73.58177948  1.90520045
73.68182373  2.03797114
73.78188324  1.89453672
73.88192749  1.96918112
73.98197937  1.93708253
74.08203888  2.00376404
74.18208313  1.95036336
74.28213501  1.88378669
74.38218689  2.05287232
74.48223877  2.01600744
74.58229065  1.82166038
74.68234253  2.08124538
74.78239441  2.02847895
74.88244629  1.89293339
74.98249817  2.06723374
75.08254242  2.04775769
75.18259430  1.77926760
75.28264618  2.00185988
75.38269806  2.11021524
75.48274994  2.02423922
75.58280182  2.03923060
75.68285370  1.84678570
75.78290558  1.92651023
75.88295746  2.06787711
75.98300171  1.81596995
76.08306122  2.02690090
76.18310547  1.85349313
76.28315735  1.97680926
76.38321686  2.09303627
76.48326111  1.82532347
76.58331299  2.09090637
76.68336487  1.84680338
76.78341675  2.04175608
76.88346863  1.83117794
76.98352051  2.07622389
77.08357239  2.02161527
77.18362427  1.89270100
77.28367615  2.09409394
77.38372040  1.95791261
77.48377228  1.90700139
77.58382416  2.03427982
77.68387604  2.15334871
77.78392792  2.00771169
77.88397980  2.09148340
77.98403168  1.88815797
78.08408356  2.01552175
78.18413544  2.09878781
78.28417969  1.94511652
78.38423920  1.83450067
78.48428345  2.19413407
78.58433533  1.92071507
78.68439484  1.90579906
78.78443909  2.07666614
78.88449097  1.92875580
78.98454285  2.20778102
79.08459473  2.10344869
79.18464661  2.00678090
79.28469849  2.09515152
79.38475037  2.02010612
79.48480225  2.19909207
79.58485413  2.02841061
79.68489838  2.07657613
79.78495026  2.13533704
79.88500214  2.19352064
79.98505402  2.04798342
80.08510590  2.14087397
80.18515778  1.99817788
80.28520203  2.23482048
80.38525391  2.05662970
80.48530579  2.12430520
80.58535767  1.99271556
80.68540955  2.04260199
80.78546143  2.18493738
80.88551331  2.10872700
80.98556519  1.96438033
81.08561707  1.90852546
81.18566895  2.12567567
81.28571320  2.02848000
81.38576508  1.98242146
81.48582458  2.02321329
81.58587646  2.18548837
81.68592834  2.10958099
81.78597260  1.95231438
81.88602448  2.16819059
81.98607635  2.14726023
82.08612061  2.06630266
82.18617249  1.90598411
82.28623199  2.07970915
82.38628387  2.30935729
82.48633575  1.98420254
82.58638000  2.16587383
82.68643188  1.86058957
82.78648376  2.05393209
82.88653564  2.20928865
82.98658752  1.94773419
83.08663940  2.06509776
83.18669128  1.97012398
83.28674316  2.09910213
83.38679504  1.87021160
83.48684692  2.06599329
83.58689117  1.87819131
83.68694305  2.06571775
83.78700256  2.09295205
83.88705444  1.89392966
83.98710632  2.10645558
84.08715057  1.89793188
84.18720245  1.98012838
84.28725433  1.90025871
84.38729858  1.99733624
84.48735046  1.88284545
84.58740997  2.00818464
84.68746185  1.88712681
84.78751373  2.05671989
84.88755798  1.87280313
84.98760986  1.92080878
85.08766174  1.95000019
85.18771362  1.70286199
85.28776550  2.08191308
85.38781738  1.87521142
85.48786926  1.87651051
85.58792114  1.88462643
85.68797302  1.95302799
85.78802490  1.92041957
85.88806915  1.74807004
85.98812103  1.98573212
86.08818054  1.88125237
86.18823242  1.66247839
86.28828430  1.98639440
86.38832855  1.81683497
86.48838043  2.01098471
86.58843231  1.67330465
86.68847656  1.91102033
86.78852844  1.87188869
86.88858795  1.83393134
86.98863983  1.88873908
87.08869171  1.83378440
87.18873596  1.87279629
87.28878784  2.02394552
87.38883972  1.89603513
87.48889160  1.83659682
87.58894348  2.05868251
87.68899536  1.94086386
87.78904724  2.03618579
87.88909912  1.78770078
87.98915100  2.01766457
88.08920288  1.96863385
88.18924713  1.92942141
88.28929901  2.04103705
88.38935852  2.05548505
88.48941040  1.79923846
88.58946228  2.17209405
88.68950653  1.80963663
88.78955841  2.20145683
88.88961029  2.01885218
88.98965454  2.05271426
89.08970642  2.07342981
89.18976593  1.95469985
89.28981781  1.94200527
89.38986969  2.13588042
89.48991394  2.25611810
89.58996582  1.79918257
89.69001770  2.07327374
89.79006958  2.21512440
89.89012146  1.89171622
89.99017334  2.07839732
90.09022522  1.92942303
90.19027710  2.09044036
90.29032898  1.95617678
90.39038086  2.18357042
90.49042511  1.99786327
90.59047699  1.98427744
90.69052887  2.04326503
90.79058838  2.14063236
90.89064026  2.00258489
90.99068451  2.09402228
91.09073639  2.19216699
91.19078827  1.89250425
91.29083252  1.96266769
91.39088440  2.30314050
91.49094391  1.94308376
91.59099579  2.11194137
91.69104004  2.07022019
91.79109192  2.07542217
91.89113617  2.01793355
91.99119568  2.05061640
92.09125519  2.18213475
92.19129944  2.01620152
92.29135132  2.01436722
92.39139557  2.08698675
92.49145508  2.31126943
92.59149170  2.12857820
92.69155884  2.03465164
92.79160309  2.05528736
92.89165497  2.15017987
92.99171448  2.01856362
93.09175110  2.17327985
93.19181824  2.10614288
93.29185486  2.13278239
93.39191437  2.16956857
93.49196625  1.80624480
93.59201050  2.20176687
93.69207764  2.13810793
93.79211426  2.09381527
93.89217377  1.92127717
93.99221802  2.24834986
94.09226990  2.12811257
94.19231415  2.20510071
94.29237366  2.00057960
94.39243317  2.15265963
94.49247742  2.06289278
94.59252930  2.08417509
94.69257355  2.06956770
94.79263306  1.95827493
94.89266968  2.11129800
94.99273682  2.09836552
95.09278107  1.86534256
95.19283295  2.09088318
95.29289246  1.94724080
95.39292908  2.01440153
95.49299622  2.21073991
95.59303284  1.86846930
95.69309235  1.92407980
95.79313660  1.86841094
95.89318848  2.01814418
95.99325562  1.81630394
96.09329224  2.03090586
96.19335175  1.89715734
96.29339600  2.03241891
96.39344788  1.84090813
96.49349213  1.96449638
96.59355164  1.93293708
96.69361115  1.73310451
96.79365540  1.95032135
96.89370728  1.91592625
96.99375153  1.84305570
97.09381104  2.09574528
97.19384766  1.70579664
97.29391479  1.81135735
97.39395905  2.06611542
97.49401093  1.88917516
97.59407043  2.01138989
97.69410706  1.91870664
97.79417419  1.95703961
97.89421082  1.91652685
97.99427032  1.70352323
98.09431458  1.95397484
98.19436646  2.01913332
98.29443359  1.80956040
98.39447021  1.88655454
98.49452972  1.90070542
98.59457397  1.87130824
98.69462585  1.89341375
98.79467010  1.90299908
98.89472961  1.76928421
98.99478912  1.78396945
99.09483337  1.87903390
99.19488525  1.79862028
99.29492950  1.96449001
99.39498901  1.74617767
99.49502563  1.91677796
99.59509277  1.74091771
99.69513702  1.93850100
99.79518890  1.89388062
99.89524841  1.71239115
99.99528503  1.88255727
100.09535217  1.83214647
100.19538879  1.89504978
100.29544830  1.90896239
100.39549255  1.84276876
100.49554443  1.80085463
100.59561157  2.04682747
100.69564819  1.77061362
100.79570770  1.87136147
100.89575195  2.02338732
100.99580383  1.98701781
101.09584808  2.08940540
101.19590759  1.97854063
101.29596710  2.18986810
101.39601135  2.16035363
101.49606323  2.03554042
101.59610748  2.32116719
101.69616699  2.13085028
101.79620361  2.43937258
101.89627075  2.17389470
101.99631500  2.47350612
102.09636688  2.31902531
102.19642639  2.39942686
102.29646301  2.25398754
102.39653015  2.55943005
102.49656677  2.18762111
102.59662628  2.45209682
102.69667053  2.37034999
102.79672241  2.11954394
102.89678955  2.39273275
102.99682617  2.32087549
103.09688568  2.10263994
103.19692993  2.23257891
103.29698181  2.24880742
103.39702606  2.16711504
103.49708557  2.20704080
103.59713745  2.08408869
103.69718933  2.11725779
103.79724121  2.03653147
103.89728546  2.19760269
103.99734497  2.13756027
104.09738159  1.99421796
104.19744873  2.03627285
104.29749298  2.07264558
104.39754486  2.04007727
104.49760437  1.83813914
104.59764099  1.87631063
104.69770813  1.88078655
104.79774475  1.92828352
104.89780426  1.75921062
104.99784851  1.96219293
105.09790039  1.76304603
105.19796753  1.83894456
105.29800415  1.74225359
105.39806366  1.71060903
105.49810791  1.91367080
105.59815979  1.69730054
105.69820404  1.77708885
105.79826355  1.66681194
105.89831543  1.63057084
105.99836731  1.62468453
106.09841919  1.85651494
106.19846344  1.54360054
106.29852295  1.53752014
106.39855957  1.71877228
106.49862671  1.56299067
106.59867096  1.58040849
106.69872284  1.77177138
106.79878235  1.61168703
106.89881897  1.56543184
106.99888611  1.97898031
107.09892273  1.61936963
107.19898224  1.72261187
107.29902649  1.83342551
107.39907837  1.82214502
107.49914551  1.64161191
107.59918213  1.81760427
107.69924164  1.77804939
107.79928589  1.81324896
107.89933777  1.71302501
107.99938202  1.71078201
108.09944153  1.89280308
108.19949341  1.79038308
108.29954529  1.64838472
108.39959717  1.81323280
108.49964142  1.74955809
108.59970093  1.74973564
108.69973755  1.66967321
108.79980469  1.65126624
108.89984894  1.57200069
108.99990082  1.65646699
109.09996033  1.75645399
109.19999695  1.55297250
109.30006409  1.69611284
109.40010071  1.89342031
109.50016022  1.68604838
109.60020447  2.14189344
109.70025635  2.08273305
109.80032349  2.45802933
109.90036011  2.45630890
110.00041962  2.62100652
110.10046387  2.74729865
110.20051575  2.68023801
110.30056000  3.07610214
110.40061951  3.00778878
110.50067139  3.44003078
110.60072327  3.42520307
110.70077515  3.80216381
110.80081940  3.72679744
110.90087891  3.47785126
111.00091553  3.44079724
111.10098267  2.98954092
111.20101929  2.84806551
111.30107880  2.76706887
111.40113831  2.27162720
111.50117493  2.46562820
111.60124207  2.38005574
111.70127869  2.48583867
111.80133820  2.43654980
111.90138245  2.28736108
112.00143433  1.94356317
112.10150146  1.83083036
112.20153809  1.74813981
112.30159760  1.72140392
112.40164185  1.75971969
112.50169373  2.04646021
112.60173798  1.99867193
112.70179749  2.05729768
112.80184937  2.14431550
112.90190125  2.28643714
113.00195312  2.34887492
113.10199738  2.80497252
113.20205688  2.49768297
113.30209351  2.33718878
113.40216064  1.89051759
113.50219727  1.18692366
113.60225677  0.51764822
113.70231628  0.37452622
113.80235291  0.38486584
113.90242004  0.60674432
114.00245667  1.05948032
114.10251617  1.05859126
114.20256042  1.59194095
114.30261230  1.25549269
114.40267944  1.42251838
114.50271606  0.98971199
114.60277557  0.97122538
114.70281982  1.11277188
114.80287170  1.68612746
114.90291595  2.19784297
115.00297546  3.35194065
115.10302734  4.26522831
115.20307922  5.33037796
115.30313110  6.82486261
115.40317535  7.49663587
115.50323486  7.71651363
115.60327148  7.10845329
115.70333862  5.42829427
115.80337524  3.82084432
115.90343475  2.73998331
116.00349426  2.71269968
116.10353088  2.90949741
116.20359802  2.75578439
116.30363464  2.44145381
116.40369415  1.96529525
116.50373840  1.29693045
116.60379028  0.65198270
116.70385742  0.21957674
116.80389404  0.03957238
116.90395355  0.00325496
117.00399780  0.00015626
117.10404968  0.00000000
117.20409393  0.00000000
117.30415344  0.00000000
117.40420532  0.00000000
117.50425720  0.00000000
117.60430908  0.00000000
117.70435333  0.00000000
117.80441284  0.00000000
117.90444946  0.00000000
118.00451660  0.00000000
118.10455322  0.00000000
118.20461273  0.00000000
118.30467224  0.00000000
118.40470886  0.00000000
118.50477600  0.00000000
118.60481262  0.00000000
118.70487213  0.00000000
118.80491638  0.00000000
118.90496826  0.00000000
