11.55002594  0.00000000
11.65007687  0.00000000
11.75012779  0.00000000
11.85017967  0.00000000
11.95023060  0.00000000
12.05028152  0.00000000
12.15033340  0.00000000
12.25038433  0.00000000
12.35043526  0.00000000
12.45048618  0.00000000
12.55053711  0.00000000
12.65058899  0.00000000
12.75063992  0.00000000
12.85069084  0.00000000
12.95074272  0.00000000
13.05079365  0.00000000
13.15084457  0.00000000
13.25089550  0.00000000
13.35094643  0.00000000
13.45099831  0.00000000
13.55104923  0.00000000
13.65110016  0.00000000
13.75115204  0.00000000
13.85120392  -0.00009778
13.95125389  -0.00213056
14.05130577  -0.11854788
14.15135574  -0.81635854
14.25140858  -3.07225186
14.35145855  -7.07025581
14.45151138  -10.78181551
14.55156231  -12.13670008
14.65161324  -11.78332962
14.75166416  -10.25474521
14.85171509  -8.22590342
14.95176697  -5.64993747
15.05181789  -3.21804102
15.15186882  -0.24433836
15.25192070  3.97154647
15.35197163  9.44795707
15.45202255  12.07443302
15.55207348  12.48885181
15.65212440  14.65736715
15.75217628  16.84397254
15.85222721  12.72436987
15.95227814  7.57923756
16.05233002  2.75418204
16.15237999  0.18286196
16.25243187  -1.91937588
16.35248375  -4.71012667
16.45253372  -8.50470033
16.55258560  -10.62339311
16.65263748  -10.06316239
16.75268936  -9.31592366
16.85273933  -8.67744961
16.95279121  -6.94389593
17.05284119  -4.77449673
17.15289307  -3.06527871
17.25294495  -1.83928117
17.35299683  -1.12689525
17.45304680  -0.77499738
17.55309868  -0.55215298
17.65314865  -0.49659430
17.75320053  -0.42133207
17.85325241  -0.42774835
17.95330238  -0.33630246
18.05335426  -0.29848659
18.15340424  -0.19389317
18.25345612  0.09016293
18.35350800  0.50061970
18.45355797  0.77070127
18.55360985  0.55993028
18.65366173  -0.08920624
18.75371170  -0.59109814
18.85376358  -0.96657645
18.95381546  -1.07322435
19.05386734  -1.10054591
19.15391731  -0.89003322
19.25396919  -0.60430914
19.35401917  -0.48416298
19.45407104  -0.55631738
19.55412102  -0.72988260
19.65417480  -0.80895454
19.75422287  -0.75078378
19.85427666  -0.65574268
19.95432663  -0.37438493
20.05437851  -0.33360602
20.15442848  0.14549217
20.25448036  0.32608335
20.35453415  0.48928938
20.45458221  0.42793540
20.55463409  0.52674912
20.65468597  0.18551231
20.75473785  0.07682101
20.85478783  -0.31739212
20.95483780  -0.80636147
21.05488968  -0.86575691
21.15494156  -1.35556748
21.25499344  -1.54603742
21.35504532  -1.89547035
21.45509529  -2.15434478
21.55514717  -2.25332293
21.65519714  -2.67933605
21.75524712  -2.90544544
21.85530090  -3.03606273
21.95535278  -3.31118417
22.05540085  -2.92990285
22.15545273  -2.42881196
22.25550652  -1.99158196
22.35555649  -1.33675282
22.45560646  -0.23794530
22.55565643  0.16181336
22.65571213  0.96612202
22.75576019  1.29359341
22.85581207  1.14342576
22.95586014  1.04654495
23.05591583  0.57519963
23.15596581  0.61191224
23.25601578  0.31285720
23.35607147  -0.13506625
23.45611954  -0.24594181
23.55617142  -0.65909187
23.65621948  -1.08159549
23.75627518  -1.18780984
23.85632515  -1.57356621
23.95637512  -1.65286367
24.05642509  -1.65076735
24.15647888  -1.49272025
24.25653076  -1.25625811
24.35657883  -1.01349365
24.45663071  -0.97102059
24.55668449  -1.05964201
24.65673447  -1.14631327
24.75678444  -0.82918894
24.85683441  -0.94080658
24.95689011  -0.68403790
25.05693817  -0.53728875
25.15699005  -0.42224682
25.25703812  -0.33631826
25.35709381  -0.43042026
25.45714378  -0.33394078
25.55719376  -0.30463785
25.65724945  -0.42634390
25.75729752  -0.25294435
25.85734940  -0.40599975
25.95739746  -0.36284104
26.05745316  -0.51680703
26.15750313  -0.60862070
26.25755310  -0.93148539
26.35760307  -0.78556602
26.45765686  -1.25262888
26.55770874  -1.11645488
26.65775681  -1.66865562
26.75780869  -1.52960873
26.85786247  -1.57982861
26.95791245  -1.42088729
27.05796242  -1.75171564
27.15801239  -1.52832504
27.25806808  -1.67478322
27.35811615  -1.71442357
27.45816803  -1.68565683
27.55821609  -1.88467644
27.65827179  -1.88813170
27.75832176  -1.97300181
27.85837173  -1.90978806
27.95842171  -2.04581046
28.05847549  -1.91057456
28.15852737  -2.18346770
28.25857544  -2.03488781
28.35863113  -2.26529986
28.45868111  -2.52979677
28.55873108  -2.80620202
28.65878105  -2.93493798
28.75883484  -3.30300497
28.85888672  -3.41255271
28.95893478  -3.99026000
29.05898666  -3.81016630
29.15904045  -3.42735892
29.25909042  -3.47859541
29.35914040  -3.32961347
29.45919037  -3.47442352
29.55924606  -3.61583099
29.65929413  -3.54831081
29.75934601  -3.29778021
29.85939407  -1.92942242
29.95944977  -0.79095802
30.05949974  0.40751369
30.15954971  1.16837365
30.25959969  2.31187960
30.35965347  2.95736083
30.45970535  2.84315224
30.55975342  2.55626443
30.65980721  0.94103881
30.75985909  -0.00546869
30.85990906  -1.28522037
30.95995903  -2.10839011
31.06001282  -2.65313895
31.16006470  -3.46544482
31.26011276  -4.04366882
31.36016464  -4.43439895
31.46021843  -4.73703565
31.56026840  -5.33758587
31.66031837  -5.25304982
31.76036835  -5.05261020
31.86042404  -4.68542206
31.96047211  -4.41810503
32.06052399  -3.81128601
32.16057587  -2.77550732
32.26062775  -2.56226787
32.36067963  -2.04322031
32.46072769  -1.70899592
32.56078339  -1.70014284
32.66083145  -1.65397113
32.76088333  -1.61368682
32.86093140  -1.71170466
32.96098709  -1.75541973
33.06103516  -1.89232402
33.16108704  -1.87226921
33.26113892  -1.85873822
33.36119080  -1.66513685
33.46124268  -1.93505524
33.56129074  -1.82485322
33.66134262  -1.64034098
33.76139832  -1.85714824
33.86144638  -1.84839014
33.96149445  -1.78763281
34.06154633  -1.71439712
34.16160202  -1.81514676
34.26165009  -1.71896539
34.36170197  -1.68501105
34.46175003  -1.72454934
34.56180573  -1.78652059
34.66185760  -1.80291690
34.76190567  -1.88179582
34.86196136  -1.93180136
34.96200943  -1.73284423
35.06206131  -1.81738229
35.16210938  -2.07579227
35.26216507  -1.83694967
35.36221313  -1.54093571
35.46226501  -2.01352811
35.56231689  -1.73919671
35.66236877  -2.00712292
35.76242065  -1.67183197
35.86246872  -1.86399399
35.96252060  -2.23175758
36.06257629  -1.94534582
36.16262436  -1.93375693
36.26267242  -1.90754039
36.36272430  -2.10038656
36.46278000  -2.18435760
36.56282806  -2.45784605
36.66287994  -2.31993671
36.76292801  -2.21254766
36.86298370  -2.74768697
36.96303558  -2.33312377
37.06308365  -2.40543443
37.16313934  -2.19384503
37.26318741  -2.36453292
37.36323929  -2.26758105
37.46328735  -2.13141425
37.56334305  -2.14831979
37.66339111  -2.08497204
37.76344299  -1.59868995
37.86349487  -1.81611328
37.96354675  -1.90941490
38.06359863  -1.78823446
38.16364670  -1.86448484
38.26369858  -2.06825773
38.36375427  -1.85983338
38.46380234  -2.04029974
38.56385040  -1.90945049
38.66390228  -1.97413075
38.76395798  -1.80679815
38.86400604  -1.94075175
38.96405792  -2.07486479
39.06410599  -1.72505962
39.16416168  -2.04773432
39.26421356  -1.66785693
39.36426163  -1.88015585
39.46430969  -1.62514580
39.56436539  -2.14078742
39.66441727  -1.69604166
39.76446533  -1.60244173
39.86452103  -1.89621166
39.96456909  -1.86799778
40.06462097  -1.99279173
40.16467285  -1.83433256
40.26472473  -1.90178290
40.36477661  -1.96135365
40.46482468  -1.94903376
40.56487656  -1.85159590
40.66493225  -2.05480784
40.76498032  -1.92979087
40.86502838  -2.21026233
40.96508026  -2.10048059
41.06513596  -1.92810548
41.16518402  -2.15225347
41.26523590  -1.86371222
41.36528397  -2.10044731
41.46533966  -2.22704627
41.56539154  -1.91995616
41.66543961  -2.27623710
41.76548767  -1.95220626
41.86554337  -2.06208116
41.96559525  -2.18200379
42.06564331  -2.29814259
42.16569519  -2.08259460
42.26574707  -2.05229431
42.36579895  -1.95227190
42.46585083  -2.01424327
42.56590271  -2.28811697
42.66595459  -2.05863441
42.76600266  -2.10404885
42.86605453  -1.91914384
42.96611023  -1.96821070
43.06615829  -2.09057242
43.16620636  -1.96105956
43.26625824  -1.83587163
43.36631393  -2.21768942
43.46636200  -1.78248616
43.56641388  -1.90433527
43.66646194  -1.88388382
43.76651764  -1.88063746
43.86656952  -1.94855920
43.96661758  -1.96523367
44.06666565  -1.95293766
44.16672134  -1.87760045
44.26677322  -2.09583364
44.36682129  -1.79497680
44.46687317  -2.07562850
44.56692505  -2.04886526
44.66697693  -1.95802680
44.76702881  -2.11606222
44.86708069  -1.92588017
44.96713257  -2.08554913
45.06718063  -1.97746740
45.16723251  -1.80463018
45.26728821  -1.92190419
45.36733627  -1.89302192
45.46738434  -2.16306042
45.56743622  -1.81989933
45.66749191  -2.00344222
45.76753998  -1.94414156
45.86759186  -2.09903353
45.96763992  -1.91329613
46.06769562  -2.20857649
46.16774750  -1.84936866
46.26779556  -2.15590751
46.36784363  -2.02140701
46.46789932  -1.97897456
46.56795120  -1.99006213
46.66799927  -2.09039759
46.76805115  -1.89625384
46.86810303  -1.96610537
46.96815491  -2.22487045
47.06820679  -2.05824152
47.16825485  -2.11912648
47.26831055  -1.97607991
47.36835861  -2.22996173
47.46841049  -1.95330410
47.56846619  -2.05376941
47.66851425  -1.85917072
47.76856232  -2.04005306
47.86861420  -1.84183189
47.96866989  -1.79599477
48.06871796  -1.79713238
48.16876984  -2.05877633
48.26881790  -1.86918501
48.36887360  -2.05392203
48.46892548  -1.73900438
48.56897354  -1.99704665
48.66902161  -2.00545333
48.76907730  -2.07430793
48.86912918  -1.99278856
48.96917725  -1.87324191
49.06922913  -1.93498448
49.16928101  -2.09095444
49.26933289  -1.86245197
49.36938477  -2.02522700
49.46943283  -2.18172620
49.56948853  -2.25750674
49.66953659  -2.02910481
49.76958847  -2.17561388
49.86964417  -1.97960779
49.96969223  -2.02849595
50.06974030  -2.13545049
50.16979218  -2.01552534
50.26984787  -1.90001631
50.36989594  -2.33306116
50.46994781  -1.91876735
50.56999588  -1.92977687
50.67005157  -2.03268856
50.77010345  -2.15563495
50.87015152  -1.81802494
50.97019958  -2.08293151
51.07025528  -1.75436627
51.17030716  -2.15867467
51.27035522  -2.17027728
51.37040710  -1.90184907
51.47045898  -2.10673831
51.57051086  -2.03455513
51.67056274  -2.41700218
51.77061462  -2.03562885
51.87066650  -2.12724986
51.97071457  -2.14593860
52.07076645  -1.93765385
52.17081451  -2.09061396
52.27087021  -2.21262936
52.37091827  -1.97927896
52.47097397  -2.10691110
52.57102585  -2.16879033
52.67107391  -1.83177100
52.77112579  -2.11429892
52.87117386  -1.96098848
52.97122955  -2.18301697
53.07128143  -1.89696072
53.17132950  -1.94424151
53.27138519  -2.18181179
53.37143326  -1.87862128
53.47148514  -1.89409996
53.57153320  -2.13463143
53.67158508  -1.91332595
53.77163696  -2.00939475
53.87168884  -1.88910229
53.97174072  -1.86508715
54.07179260  -2.01019465
54.17184448  -2.06571563
54.27189255  -1.67098885
54.37194443  -1.92926649
54.47199249  -1.93136839
54.57204819  -1.90402705
54.67209625  -2.04746706
54.77214813  -1.75227447
54.87220383  -1.96486757
54.97225189  -1.88246471
55.07230377  -2.04916657
55.17235184  -1.70001423
55.27240753  -1.92841625
55.37245941  -1.95708245
55.47250748  -1.82074578
55.57256317  -1.87980624
55.67261124  -1.83293008
55.77266312  -1.96691010
55.87271118  -1.86983995
55.97276306  -1.86981938
56.07281494  -1.91801688
56.17286682  -2.08450158
56.27291870  -1.82763799
56.37297058  -2.22041310
56.47302246  -1.98856256
56.57307053  -1.90564810
56.67312241  -2.18543757
56.77317047  -2.04008100
56.87322617  -1.97634293
56.97327423  -1.83330480
57.07332611  -2.12034059
57.17338181  -2.00898244
57.27342987  -2.24320182
57.37348175  -1.92881488
57.47352982  -2.09907203
57.57358170  -1.96874549
57.67363739  -2.06819717
57.77368546  -1.87584142
57.87374115  -2.11713909
57.97378922  -2.12458151
58.07384109  -2.08534509
58.17388916  -1.90997796
58.27394104  -2.00916930
58.37399292  -1.90942795
58.47404480  -2.05484268
58.57409668  -2.01822952
58.67414856  -2.10708750
58.77420044  -2.03759361
58.87424850  -2.14200404
58.97430038  -2.22884634
59.07434845  -2.18983059
59.17440414  -2.13204015
59.27445221  -2.20690831
59.37450409  -2.09417907
59.47455978  -2.21879270
59.57460785  -2.09646596
59.67465973  -2.12459717
59.77470779  -2.13419923
59.87475967  -2.16602638
59.97481537  -1.93886074
60.07486343  -2.22380855
60.17491913  -2.04199511
60.27496719  -1.86410958
60.37501907  -1.73771735
60.47506714  -2.18107258
60.57511902  -1.70817751
60.67517090  -1.84272791
60.77522278  -2.08129066
60.87527466  -1.71155820
60.97532654  -2.02533803
61.07537842  -1.91420936
61.17542648  -1.85092174
61.27547836  -2.07870159
61.37552643  -1.89914697
61.47558212  -2.22972992
61.57563019  -1.84147902
61.67568207  -1.91266027
61.77573776  -1.78153726
61.87578583  -2.22031406
61.97583771  -2.11452979
62.07588577  -1.89814541
62.17593765  -1.92862749
62.27599335  -2.09590020
62.37604141  -2.11371123
62.47608948  -2.24310437
62.57614517  -1.86101725
62.67619705  -1.95917480
62.77624512  -2.06124759
62.87629700  -1.88895594
62.97634888  -2.10961823
63.07640076  -2.01262072
63.17645264  -1.94980220
63.27650452  -2.08771486
63.37655640  -2.11800097
63.47660446  -1.82350803
63.57665634  -1.85090151
63.67670441  -1.98327427
63.77676010  -2.10694682
63.87680817  -1.87349992
63.97686005  -1.96111922
64.07691193  -2.18709444
64.17696381  -1.73143931
64.27701569  -2.08748872
64.37706757  -1.99616617
64.47711182  -1.83440034
64.57717133  -1.85858385
64.67721558  -1.96168221
64.77726746  -1.80129259
64.87732697  -1.90436037
64.97737122  -1.82679331
65.07742310  -2.00879545
65.17747498  -1.78184968
65.27752686  -1.94119083
65.37757874  -1.93790240
65.47763062  -1.67829176
65.57768250  -1.92595247
65.67773438  -2.05225195
65.77778625  -1.89297116
65.87783051  -1.99252046
65.97788239  -1.89944706
66.07794189  -2.21219475
66.17798615  -1.93271927
66.27803802  -1.96870639
66.37808990  -1.98583585
66.47814178  -1.98091437
66.57819366  -2.10484686
66.67824554  -2.01465929
66.77828979  -1.95518626
66.87834930  -1.99244610
66.97839355  -2.24032045
67.07844543  -2.19736733
67.17850494  -1.83635104
67.27854919  -2.17041844
67.37860107  -2.10708116
67.47865295  -2.00413184
67.57870483  -2.09497399
67.67875671  -2.12208944
67.77880859  -2.02236334
67.87886047  -2.43759045
67.97891235  -1.87037402
68.07896423  -2.12790554
68.17900848  -2.04452826
68.27906036  -2.03300652
68.37911987  -1.92556672
68.47916412  -2.34446727
68.57921600  -2.02316837
68.67926788  -1.97387812
68.77931976  -2.09498511
68.87937164  -2.13006215
68.97942352  -2.15117693
69.07946777  -2.15457315
69.17952728  -2.06542836
69.27957153  -2.04224796
69.37962341  -1.95988596
69.47968292  -2.14530351
69.57972717  -2.17002965
69.67977905  -2.13117205
69.77983093  -1.99555452
69.87988281  -2.06626185
69.97993469  -2.20248475
70.07998657  -2.15167558
70.18003845  -2.18008788
70.28009033  -1.99558072
70.38014221  -2.03567545
70.48018646  -2.01618714
70.58023834  -2.14061085
70.68029785  -2.11103433
70.78034210  -2.10168755
70.88039398  -2.03740121
70.98044586  -2.14149447
71.08049774  -2.01614123
71.18054962  -2.30538231
71.28060150  -2.14865451
71.38064575  -2.05398961
71.48070526  -2.06889051
71.58074951  -1.99580557
71.68080139  -2.01766309
71.78086090  -2.05577652
71.88090515  -2.03494764
71.98095703  -2.07492672
72.08100891  -2.14167000
72.18106079  -1.98035037
72.28111267  -2.04485725
72.38116455  -1.82947047
72.48121643  -1.91073906
72.58126831  -1.91792257
72.68132019  -1.92060430
72.78136444  -1.87269306
72.88141632  -1.97109805
72.98146820  -1.81199114
73.08152008  -1.93579090
73.18157196  -1.94296905
73.28162384  -1.81721280
73.38167572  -2.00517204
73.48172760  -1.80601730
73.58177948  -1.91439960
73.68182373  -1.89045328
73.78188324  -1.99162568
73.88192749  -2.07517404
73.98197937  -1.98722804
74.08203888  -1.89091812
74.18208313  -1.98562191
74.28213501  -1.80800052
74.38218689  -1.95978621
74.48223877  -1.96508650
74.58229065  -1.82474936
74.68234253  -2.08259422
74.78239441  -1.84779226
74.88244629  -1.83494494
74.98249817  -1.97189430
75.08254242  -1.92215076
75.18259430  -1.91583467
75.28264618  -1.90056209
75.38269806  -1.89153690
75.48274994  -1.93979375
75.58280182  -1.91314812
75.68285370  -1.80974572
75.78290558  -1.92848948
75.88295746  -2.08322722
75.98300171  -1.61697562
76.08306122  -1.94924730
76.18310547  -1.83564376
76.28315735  -1.88733136
76.38321686  -1.93962045
76.48326111  -1.92261495
76.58331299  -1.89823586
76.68336487  -2.08734931
76.78341675  -2.04430739
76.88346863  -1.87635119
76.98352051  -1.94827499
77.08357239  -2.15258390
77.18362427  -1.81117841
77.28367615  -2.02881806
77.38372040  -2.10352135
77.48377228  -1.95931937
77.58382416  -2.17433184
77.68387604  -1.81961309
77.78392792  -2.13778394
77.88397980  -2.10074394
77.98403168  -2.08257064
78.08408356  -2.02600516
78.18413544  -1.94385014
78.28417969  -2.26221819
78.38423920  -1.80104273
78.48428345  -1.88507007
78.58433533  -1.98563054
78.68439484  -1.96967115
78.78443909  -2.00081508
78.88449097  -1.96870572
78.98454285  -2.12052457
79.08459473  -2.18336313
79.18464661  -1.90800105
79.28469849  -1.92225579
79.38475037  -1.99358788
79.48480225  -1.97475802
79.58485413  -2.07848238
79.68489838  -2.25467172
79.78495026  -2.06675808
79.88500214  -2.09239331
79.98505402  -2.05599358
80.08510590  -2.13506968
80.18515778  -2.33085181
80.28520203  -1.89466992
80.38525391  -2.08941482
80.48530579  -1.97260058
80.58535767  -2.11153292
80.68540955  -2.09838435
80.78546143  -2.15133922
80.88551331  -1.91201480
80.98556519  -2.10599463
81.08561707  -2.12438283
81.18566895  -2.29303930
81.28571320  -1.89162906
81.38576508  -1.93022382
81.48582458  -2.17922771
81.58587646  -2.17721619
81.68592834  -2.10515470
81.78597260  -1.94301949
81.88602448  -1.98044864
81.98607635  -1.93594720
82.08612061  -2.17451368
82.18617249  -1.89784171
82.28623199  -1.84916236
82.38628387  -2.11542499
82.48633575  -2.02122593
82.58638000  -2.07689715
82.68643188  -2.11008552
82.78648376  -1.85383659
82.88653564  -1.99427758
82.98658752  -2.07394054
83.08663940  -1.81527588
83.18669128  -2.11246459
83.28674316  -1.85342064
83.38679504  -2.02386523
83.48684692  -2.08301883
83.58689117  -1.84434306
83.68694305  -2.16683501
83.78700256  -1.93233915
83.88705444  -1.87480736
83.98710632  -1.89446403
84.08715057  -2.00761209
84.18720245  -1.77663664
84.28725433  -2.10023350
84.38729858  -1.85350139
84.48735046  -2.10620168
84.58740997  -1.84528111
84.68746185  -1.75322985
84.78751373  -2.02829380
84.88755798  -1.80648951
84.98760986  -2.15383330
85.08766174  -1.62926596
85.18771362  -2.15368190
85.28776550  -1.69075739
85.38781738  -1.87766243
85.48786926  -2.01428849
85.58792114  -1.87152793
85.68797302  -1.99690030
85.78802490  -2.16421918
85.88806915  -1.90765566
85.98812103  -2.21390265
86.08818054  -2.03800914
86.18823242  -1.89748071
86.28828430  -1.95896232
86.38832855  -1.84871877
86.48838043  -2.06913052
86.58843231  -1.95855038
86.68847656  -1.64227425
86.78852844  -2.14750818
86.88858795  -1.78799299
86.98863983  -2.04527665
87.08869171  -1.96215937
87.18873596  -2.06096370
87.28878784  -2.00354922
87.38883972  -1.96009373
87.48889160  -1.79255327
87.58894348  -1.98897176
87.68899536  -2.08347509
87.78904724  -1.65696379
87.88909912  -1.80710060
87.98915100  -1.98805616
88.08920288  -1.93413846
88.18924713  -2.06576398
88.28929901  -1.86073817
88.38935852  -2.20622893
88.48941040  -1.87898972
88.58946228  -2.15918184
88.68950653  -1.99225570
88.78955841  -2.15308995
88.88961029  -2.05837786
88.98965454  -2.05524715
89.08970642  -2.14913539
89.18976593  -2.05920045
89.28981781  -2.13802206
89.38986969  -1.98204222
89.48991394  -2.20288168
89.58996582  -1.96677927
89.69001770  -2.13535184
89.79006958  -2.30294294
89.89012146  -2.01779913
89.99017334  -2.15013051
90.09022522  -1.89400133
90.19027710  -2.42050787
90.29032898  -2.10790532
90.39038086  -2.34876691
90.49042511  -2.25885934
90.59047699  -1.95473272
90.69052887  -2.08557882
90.79058838  -2.07937735
90.89064026  -2.13498949
90.99068451  -2.05507770
91.09073639  -2.21219122
91.19078827  -2.07129566
91.29083252  -2.06310905
91.39088440  -2.28236945
91.49094391  -2.09807467
91.59099579  -2.33325524
91.69104004  -2.23702687
91.79109192  -1.93871876
91.89113617  -2.20498099
91.99119568  -2.12256258
92.09125519  -2.12020473
92.19129944  -2.09731724
92.29135132  -2.25584949
92.39139557  -2.08898725
92.49145508  -2.06124042
92.59149170  -1.87486645
92.69155884  -2.04950391
92.79160309  -1.90070419
92.89165497  -2.16224814
92.99171448  -1.95170276
93.09175110  -1.99675416
93.19181824  -2.05205819
93.29185486  -1.99605907
93.39191437  -1.80923392
93.49196625  -2.17109709
93.59201050  -2.17328605
93.69207764  -1.88343376
93.79211426  -1.85707248
93.89217377  -2.01713354
93.99221802  -2.14039115
94.09226990  -1.92149211
94.19231415  -1.96700421
94.29237366  -2.23396144
94.39243317  -1.77139920
94.49247742  -1.87950422
94.59252930  -2.00334312
94.69257355  -1.63074865
94.79263306  -1.76727629
94.89266968  -1.93878569
94.99273682  -1.83030675
95.09278107  -1.94362500
95.19283295  -1.54579578
95.29289246  -2.01153603
95.39292908  -2.07736449
95.49299622  -1.74888798
95.59303284  -2.06172133
95.69309235  -1.87026112
95.79313660  -2.02853973
95.89318848  -1.82730750
95.99325562  -1.97600241
96.09329224  -2.22261102
96.19335175  -1.75090160
96.29339600  -1.94739653
96.39344788  -1.88296206
96.49349213  -1.96967603
96.59355164  -2.04574305
96.69361115  -1.96023633
96.79365540  -2.16798217
96.89370728  -2.00770829
96.99375153  -1.96967344
97.09381104  -2.09220379
97.19384766  -2.17327802
97.29391479  -2.03925950
97.39395905  -2.18253021
97.49401093  -1.84675988
97.59407043  -2.01952693
97.69410706  -1.69470523
97.79417419  -2.03218021
97.89421082  -1.58610729
97.99427032  -1.88679941
98.09431458  -1.48926694
98.19436646  -1.59655613
98.29443359  -1.78003915
98.39447021  -1.73101711
98.49452972  -1.58172853
98.59457397  -1.64097429
98.69462585  -1.39328983
98.79467010  -1.71699286
98.89472961  -1.73611422
98.99478912  -1.71995285
99.09483337  -1.52474357
99.19488525  -1.79752652
99.29492950  -1.81153976
99.39498901  -1.74409388
99.49502563  -1.75847728
99.59509277  -1.81985704
99.69513702  -1.96886207
99.79518890  -1.92791187
99.89524841  -2.08146752
99.99528503  -2.12568942
100.09535217  -2.07664448
100.19538879  -2.18981275
100.29544830  -2.18846331
100.39549255  -2.34298899
100.49554443  -2.29318436
100.59561157  -2.33511882
100.69564819  -2.17790534
100.79570770  -2.36127896
100.89575195  -2.35142985
100.99580383  -2.29980551
101.09584808  -2.03065376
101.19590759  -2.19393315
101.29596710  -2.22893963
101.39601135  -2.27954074
101.49606323  -1.86813835
101.59610748  -2.11215451
101.69616699  -2.18827589
101.79620361  -2.15150787
101.89627075  -2.09378360
101.99631500  -2.04284354
102.09636688  -2.06422199
102.19642639  -2.02465766
102.29646301  -2.06971025
102.39653015  -2.08281029
102.49656677  -2.14391469
102.59662628  -2.16441158
102.69667053  -1.89984571
102.79672241  -1.92602631
102.89678955  -2.22188071
102.99682617  -2.09085133
103.09688568  -2.20704187
103.19692993  -2.14363597
103.29698181  -2.20238270
103.39702606  -2.09336033
103.49708557  -2.14822402
103.59713745  -2.35680712
103.69718933  -2.28394680
103.79724121  -2.33574461
103.89728546  -2.31033845
103.99734497  -2.27159669
104.09738159  -2.56483657
104.19744873  -2.49831614
104.29749298  -2.41614666
104.39754486  -2.49821611
104.49760437  -2.64020505
104.59764099  -2.49858991
104.69770813  -2.93775058
104.79774475  -2.82879144
104.89780426  -2.90237584
104.99784851  -3.06341704
105.09790039  -2.48906620
105.19796753  -3.30226142
105.29800415  -2.61228471
105.39806366  -2.75734067
105.49810791  -2.97171244
105.59815979  -2.47989635
105.69820404  -2.49426348
105.79826355  -2.43020658
105.89831543  -2.29845376
105.99836731  -1.82959886
106.09841919  -2.16447294
106.19846344  -1.74895770
106.29852295  -1.59438221
106.39855957  -1.59731584
106.49862671  -1.41267198
106.59867096  -1.63057773
106.69872284  -1.30599729
106.79878235  -1.35362951
106.89881897  -1.52654161
106.99888611  -1.67309814
107.09892273  -1.36225382
107.19898224  -1.48659095
107.29902649  -1.52736156
107.39907837  -1.44696006
107.49914551  -1.64008441
107.59918213  -1.58504761
107.69924164  -1.19819764
107.79928589  -1.41824783
107.89933777  -1.39594737
107.99938202  -1.36494935
108.09944153  -1.27275643
108.19949341  -1.39620023
108.29954529  -1.21293053
108.39959717  -1.32032783
108.49964142  -1.49015535
108.59970093  -1.47283607
108.69973755  -1.46394940
108.79980469  -1.23315079
108.89984894  -1.41587999
108.99990082  -1.35508740
109.09996033  -1.31643124
109.19999695  -1.38061913
109.30006409  -1.32712904
109.40010071  -1.30204056
109.50016022  -1.47315205
109.60020447  -1.56007669
109.70025635  -1.72648525
109.80032349  -1.68067269
109.90036011  -1.89683024
110.00041962  -1.78966704
110.10046387  -1.82836248
110.20051575  -1.96634434
110.30056000  -2.02419901
110.40061951  -2.12571622
110.50067139  -2.27212540
110.60072327  -2.31772137
110.70077515  -2.03714465
110.80081940  -1.67617339
110.90087891  -1.54352675
111.00091553  -1.18107347
111.10098267  -1.20906319
111.20101929  -0.49373863
111.30107880  -0.42656496
111.40113831  0.06144514
111.50117493  0.53139304
111.60124207  0.80566363
111.70127869  0.72988634
111.80133820  1.66048935
111.90138245  1.04486856
112.00143433  1.32348351
112.10150146  0.40531245
112.20153809  0.22877490
112.30159760  -0.08691680
112.40164185  -1.45843212
112.50169373  -1.44255625
112.60173798  -2.77072846
112.70179749  -3.82314519
112.80184937  -4.86619623
112.90190125  -5.47876664
113.00195312  -5.66660865
113.10199738  -6.08013496
113.20205688  -5.90838627
113.30209351  -5.72016724
113.40216064  -4.48871112
113.50219727  -3.01034729
113.60225677  -2.61429100
113.70231628  -3.75095265
113.80235291  -5.64086239
113.90242004  -5.95859812
114.00245667  -5.86520040
114.10251617  -5.36046290
114.20256042  -4.64213974
114.30261230  -4.03540062
114.40267944  -3.15720135
114.50271606  -2.64900062
114.60277557  -2.12425850
114.70281982  -1.66303527
114.80287170  -1.23568696
114.90291595  -1.06576098
115.00297546  -0.80695168
115.10302734  -0.00631211
115.20307922  0.52617221
115.30313110  1.33549628
115.40317535  1.32501077
115.50323486  0.62654609
115.60327148  -1.04974333
115.70333862  -1.61992070
115.80337524  -1.50658261
115.90343475  -1.11650543
116.00349426  -0.39702079
116.10353088  0.21700692
116.20359802  0.35626755
116.30363464  0.19091687
116.40369415  0.04316186
116.50373840  0.00166749
116.60379028  0.00000000
116.70385742  0.00000000
116.80389404  0.00000000
116.90395355  0.00000000
117.00399780  0.00000000
117.10404968  0.00000000
117.20409393  0.00000000
117.30415344  0.00000000
117.40420532  0.00000000
117.50425720  0.00000000
117.60430908  0.00000000
117.70435333  0.00000000
117.80441284  0.00000000
117.90444946  0.00000000
118.00451660  0.00000000
118.10455322  0.00000000
118.20461273  0.00000000
118.30467224  0.00000000
118.40470886  0.00000000
118.50477600  0.00000000
118.60481262  0.00000000
118.70487213  0.00000000
118.80491638  0.00000000
118.90496826  0.00000000
